    wfc3_x        wfc3_y      wfc3_cts    slit_num        stis_x        stis_y 
 82.444000     85.637000      1367.857           3     -1.835000     33.800422 
173.604000    111.712000       157.001          14      1.325000     60.429388 
 84.237000    125.031000        86.823           3     -0.042000     73.194422 
186.867000    125.432000       387.625          16     -1.412000     74.023412 
132.205000    143.879000      1135.010           9     -0.074000     91.473048 
 86.314000    152.185000       149.591           3      2.035000    100.348422 
122.913000    153.433000       994.829           8     -1.366000    101.121944 
123.641000    156.533000      1058.204           8     -0.638000    104.221944 
 82.939000    158.471000       358.513           3     -1.340000    106.634422 
 87.976000    163.736000       248.067           3      3.697000    111.899422 
109.957000    179.052000      1654.663           6      1.678000    126.930735 
153.388000    200.069000        92.478          12     -2.891000    147.378361 
147.657000    221.275000       133.088          11     -0.622000    168.679257 
184.365000    228.938000       408.267          15      4.086000    177.592400 
187.774000    237.712000       361.343          16     -0.505000    186.303412 
137.737000    246.035000       864.456          10     -2.542000    193.534152 
152.324000    251.451000        93.269          11      4.045000    198.855257 
135.802000    262.251000       269.904           9      3.523000    209.845048 
 74.186000    277.069000       282.454           2     -2.093000    225.327317 
135.433000    287.194000       361.435           9      3.154000    234.788048 
176.374000    290.522000       251.924          14      4.095000    239.239388 
 84.564000    293.774000       629.202           3      0.285000    241.937422 
172.049000    297.451000       363.060          14     -0.230000    246.168388 
117.214000    305.598000       112.133           7      0.935000    253.381839 
194.409000    309.440000       699.582          17     -1.870000    257.968423 
123.819000    320.424000       216.418           8     -0.460000    268.112944 
 96.498000    321.394000       149.413           4      4.219000    269.462526 
108.574000    333.613000      2591.543           6      0.295000    281.491735 
196.569000    333.355000       268.375          17      0.290000    281.883423 
141.221000    339.622000       103.931          10      0.942000    287.121152 
164.386000    340.974000       211.643          13      0.107000    289.754376 
110.115000    343.589000       825.889           6      1.836000    291.467735 
199.523000    343.864000       108.469          17      3.244000    292.392423 
 78.195000    345.810000       315.118           2      1.916000    294.068317 
111.124000    345.201000       825.616           6      2.845000    293.079735 
 82.493000    356.334000      1302.988           3     -1.786000    304.497422 
139.453000    356.943000       846.142          10     -0.826000    304.442152 
153.498000    362.709000      1922.369          12     -2.781000    310.018361 
114.374000    365.625000      2603.260           7     -1.905000    313.408839 
 73.290000    368.541000       348.974           2     -2.989000    316.799317 
146.252000    369.609000       236.719          11     -2.027000    317.013257 
126.713000    375.633000       839.993           8      2.434000    323.321944 
 96.197000    381.606000      1014.416           4      3.918000    329.674526 
116.464000    381.560000       315.295           7      0.185000    329.343839 
182.201000    381.368000       713.838          15      1.922000    330.022400 
 90.542000    384.351000      2528.252           4     -1.737000    332.419526 
140.467000    384.425000      1620.420          10      0.188000    331.924152 
176.321000    386.724000       235.319          14      4.042000    335.441388 
156.491000    387.988000       253.629          12      0.212000    335.297361 
166.465000    388.553000       564.482          13      2.186000    337.333376 
 86.059000    391.212000       311.446           3      1.780000    339.375422 
 98.686000    393.156000       377.229           5     -1.593000    341.129630 
128.414000    392.013000      2295.070           8      4.135000    339.701944 
172.701000    392.424000       515.418          14      0.422000    341.141388 
 74.913000    394.285000       598.008           2     -1.366000    342.543317 
 99.076000    394.693000       380.833           5     -1.203000    342.666630 
145.461000    394.504000       729.296          11     -2.818000    341.908257 
132.579000    396.070000      1619.708           9      0.300000    343.664048 
179.620000    396.633000       622.149          15     -0.659000    345.287400 
116.461000    399.099000      2256.026           7      0.182000    346.882839 
149.627000    400.261000      1548.747          11      1.348000    347.665257 
 93.733000    405.374000      2965.954           4      1.454000    353.442526 
155.602000    404.961000      1324.854          12     -0.677000    352.270361 
104.423000    406.635000       542.733           5      4.144000    354.608630 
150.420000    406.770000      1189.441          11      2.141000    354.174257 
 75.604000    410.594000      2567.587           2     -0.675000    358.852317 
153.663000    413.980000      2060.010          12     -2.616000    361.289361 
121.392000    414.392000      1295.469           8     -2.887000    362.080944 
180.909000    413.621000       830.587          15      0.630000    362.275400 
197.807000    414.947000      8019.418          17      1.528000    363.475423 
105.509000    417.104000       392.053           6     -2.770000    364.982735 
183.608000    417.643000      1047.984          15      3.329000    366.297400 
138.438000    419.456000      1730.792          10     -1.841000    366.955152 
 69.460000    422.396000      4694.254           1      1.181000    370.749213 
153.165000    423.598000      4949.094          12     -3.114000    370.907361 
192.408000    424.414000       931.616          16      4.129000    373.005412 
187.433000    427.137000       932.805          16     -0.846000    375.728412 
 95.717000    431.238000      2189.813           4      3.438000    379.306526 
171.468000    431.990000       516.283          14     -0.811000    380.707388 
146.841000    434.137000      1076.728          11     -1.438000    381.541257 
106.317000    434.742000      2466.054           6     -1.962000    382.620735 
116.506000    434.481000      5640.521           7      0.227000    382.264839 
157.945000    434.803000      4256.806          12      1.666000    382.112361 
 82.498000    437.424000      3550.912           3     -1.781000    385.587422 
 99.699000    436.722000      1115.900           5     -0.580000    384.695630 
198.824000    437.308000      5468.344          17      2.545000    385.836423 
120.030000    437.769000      5180.697           7      3.751000    385.552839 
133.686000    441.574000     27599.310           9      1.407000    389.168048 
 78.537000    442.352000      2739.204           2      2.258000    390.610317 
139.381000    441.821000     11582.710          10     -0.898000    389.320152 
142.941000    442.636000      5804.731          10      2.662000    390.135152 
199.981000    442.493000      5968.108          17      3.702000    391.021423 
118.930000    444.883000      7534.081           7      2.651000    392.666839 
112.440000    446.344000      3767.343           6      4.161000    394.222735 
124.754000    445.877000      3701.277           8      0.475000    393.565944 
163.693000    446.293000      2471.616          13     -0.586000    395.073376 
191.891000    446.033000      2503.412          16      3.612000    394.624412 
 97.428000    446.758000      8306.386           5     -2.851000    394.731630 
105.185000    448.084000      1965.564           6     -3.094000    395.962735 
 76.500000    448.954000     14124.850           2      0.221000    397.212317 
181.367000    451.036000      4110.759          15      1.088000    399.690400 
 68.407000    451.495000      7835.581           1      0.128000    399.848213 
141.087000    459.356000     61360.580          10      0.808000    406.855152 
107.402000    453.212000      1147.431           6     -0.877000    401.090735 
121.906000    452.832000      3376.342           8     -2.373000    400.520944 
163.666000    453.908000      9154.836          13     -0.613000    402.688377 
 89.515000    453.959000      4808.876           4     -2.764000    402.027526 
195.961000    453.471000      3247.244          17     -0.318000    401.999423 
156.376000    455.983000     25819.000          12      0.097000    403.292361 
121.397000    458.301000      5820.583           8     -2.882000    405.989944 
164.589000    458.297000     12302.210          13      0.310000    407.077377 
110.474000    459.673000       742.950           6      2.195000    407.551735 
189.693000    460.253000       617.667          16      1.414000    408.844412 
108.627000    462.736000       669.974           6      0.348000    410.614735 
124.955000    462.127000      3328.570           8      0.676000    409.815944 
140.458000    463.598000     60093.330          10      0.179000    411.097152 
198.662000    465.436000      3225.332          17      2.383000    413.964423 
158.303000    468.186000      8114.020          12      2.024000    415.495361 
 89.584000    469.313000      3772.519           4     -2.695000    417.381526 
151.310000    469.248000     17164.380          11      3.031000    416.652257 
143.544000    470.584000     19679.220          10      3.265000    418.083152 
106.599000    470.955000       959.255           6     -1.680000    418.833735 
188.944000    470.697000       986.695          16      0.665000    419.288412 
200.468000    470.531000      3140.453          17      4.189000    419.059423 
125.395000    473.334000      2724.508           8      1.116000    421.022944 
100.783000    476.577000      6191.047           5      0.504000    424.550630 
166.808000    473.471000      1126.370          13      2.529000    422.251376 
120.238000    475.531000      8320.812           7      3.959000    423.314839 
115.855000    476.169000      9482.327           7     -0.424000    423.952839 
167.551000    477.837000      1004.744          13      3.272000    426.617376 
182.607000    477.696000       527.711          15      2.328000    426.350400 
106.571000    481.165000      5495.401           6     -1.708000    429.043735 
151.588000    481.905000      6612.603          11      3.309000    429.309257 
173.573000    481.563000      2144.877          14      1.294000    430.280388 
142.205000    482.835000      7336.789          10      1.926000    430.334152 
193.306000    484.561000      1307.155          17     -2.973000    433.089423 
173.577000    486.786000      3002.841          14      1.298000    435.503388 
109.551000    486.780000      1610.781           6      1.272000    434.658735 
123.727000    490.457000      1407.173           8     -0.552000    438.145944 
145.708000    494.490000      1629.744          11     -2.571000    441.894257 
137.720000    495.055000      1063.222          10     -2.559000    442.554152 
161.387000    495.867000      1351.831          13     -2.892000    444.647377 
182.590000    495.688000      2163.417          15      2.311000    444.342400 
121.560000    496.869000      2989.832           8     -2.719000    444.557944 
152.574000    499.645000      3186.590          11      4.295000    447.049257 
114.677000    500.627000      1083.023           7     -1.602000    448.410839 
142.305000    500.545000       916.813          10      2.026000    448.044152 
 95.272000    501.623000       475.419           4      2.993000    449.691526 
121.666000    504.243000      7336.441           8     -2.613000    451.931944 
195.517000    505.066000      8127.653          17     -0.762000    453.594423 
 75.180000    512.246000     21971.450           2     -1.099000    460.504317 
145.500000    508.657000       667.601          11     -2.779000    456.061257 
180.406000    511.633000       365.680          15      0.127000    460.287400 
151.165000    513.754000       902.999          11      2.886000    461.158257 
116.567000    514.717000      8939.938           7      0.288000    462.500839 
128.324000    515.411000       579.709           8      4.045000    463.099944 
149.391000    521.575000      1377.641          11      1.112000    468.979257 
120.541000    524.092000      4455.396           7      4.262000    471.875839 
163.198000    524.883000      1268.186          13     -1.081000    473.663377 
 77.533000    526.615000      1635.453           2      1.254000    474.873317 
125.620000    526.414000      8624.011           8      1.341000    474.102944 
177.495000    527.615000       372.577          15     -2.784000    476.269400 
 73.434000    528.423000      1809.874           2     -2.845000    476.681317 
145.642000    528.275000       620.351          11     -2.637000    475.679257 
153.945000    527.641000      6839.040          12     -2.334000    474.950361 
160.890000    527.532000      1980.864          13     -3.389000    476.312377 
 86.402000    531.265000      6710.248           3      2.123000    479.428422 
176.432000    531.906000       331.284          14      4.153000    480.623388 
 84.331000    538.721000      8044.866           3      0.052000    486.884422 
142.626000    541.401000       410.283          10      2.347000    488.900152 
157.258000    541.804000       529.925          12      0.979000    489.113361 
186.805000    544.675000      4736.347          16     -1.474000    493.266412 
172.510000    555.429000       179.409          14      0.231000    504.146388 
 85.342000    555.467000       247.305           3      1.063000    503.630422 
 79.735000    564.395000      1003.217           2      3.456000    512.653317 
130.464000    564.364000       832.199           9     -1.815000    511.958048 
168.848000    566.737000      1301.650          14     -3.431000    515.454388 
110.895000    570.562000       178.061           6      2.616000    518.440735 
183.243000    573.087000       316.252          15      2.964000    521.741400 
 69.734000    574.699000       159.594           1      1.455000    523.052213 
 89.423000    576.436000       765.511           4     -2.856000    524.504526 
166.834000    580.632000       131.736          13      2.555000    529.412376 
139.482000    582.252000       675.981          10     -0.797000    529.751152 
108.355000    586.657000       154.046           6      0.076000    534.535735 
136.485000    591.865000       137.466           9      4.206000    539.459048 
155.502000    600.433000       110.549          12     -0.777000    547.742361 
178.442000    610.389000       100.371          15     -1.837000    559.043400 
147.505000    616.597000      2009.795          11     -0.774000    564.001257 
152.914000    618.020000       885.572          12     -3.365000    565.329361 
174.287000    618.708000       215.178          14      2.008000    567.425388 
116.358000    624.398000       337.279           7      0.079000    572.181839 
116.758000    631.905000       854.333           7      0.479000    579.688839 
126.824000    632.077000       277.441           8      2.545000    579.765944 
106.343000    638.772000      4499.776           6     -1.936000    586.650735 
135.151000    638.522000       333.530           9      2.872000    586.116048 
160.789000    648.967000       258.382          13     -3.490000    597.747376 
140.497000    650.962000      2343.344          10      0.218000    598.461152 
138.274000    658.573000       214.400          10     -2.005000    606.072152 
113.484000    660.363000       134.069           7     -2.795000    608.146839 
114.327000    669.796000      1104.932           7     -1.952000    617.579839 
 67.301000    689.724000      1547.756           1     -0.978000    638.077213 
 83.705000    735.445000       493.286           3     -0.574000    683.608422 
119.300000    794.188000       181.805           7      3.021000    741.971839 
 65.583000    798.899000       163.876           1     -2.696000    747.252213 
126.454000    810.956000       100.622           8      2.175000    758.644944 
 75.644000    900.000000        36.785           2     -0.635000    848.258317 
200.161000    913.621000     14074.470          17      3.882000    862.149423 
168.554000    935.521000      1934.484          13      4.275000    884.301376 
120.196000    947.564000       156.345           7      3.917000    895.347839 
166.730000    996.519000       442.199          13      2.451000    945.299376 
109.246000    1001.963000        10.804           6      0.967000    949.841735 
114.098000    987.953000        12.035           7     -2.181000    935.736839 
124.383000    984.483000        19.226           8      0.104000    932.171944 
 65.527000    916.175000        47.199           1     -2.752000    864.528213 
 89.528000    856.803000         8.445           4     -2.751000    804.871526 
186.835000    865.817000        57.303          16     -1.444000    814.408412 
178.278000    863.699000        19.506          15     -2.001000    812.353400 
102.288000    845.959000        10.263           5      2.009000    793.932630 
 85.452000    824.573000        11.776           3      1.173000    772.736422 
154.394000    815.115000         6.296          12     -1.885000    762.424361 
164.007000    772.429000        21.047          13     -0.272000    721.209376 
110.331000    695.866000        22.719           6      2.052000    643.744735 
 75.557000    725.520000        31.376           2     -0.722000    673.778317 
 82.435000    769.274000        12.779           3     -1.844000    717.437422 
 75.997000    755.347000        11.414           2     -0.282000    703.605317 
181.318000    752.271000        37.885          15      1.039000    700.925400 
168.387000    627.627000        81.329          13      4.108000    576.407376 
136.535000    620.714000        99.740           9      4.256000    568.308048 
 67.388000    640.975000        29.964           1     -0.891000    589.328213 
 72.365000    651.624000        23.512           1      4.086000    599.977213 
 84.624000    609.369000        37.867           3      0.345000    557.532422 
149.050000    597.628000        84.022          11      0.771000    545.032257 
162.545000    606.124000        79.083          13     -1.734000    554.904377 
154.057000    577.551000        69.173          12     -2.222000    524.860361 
100.377000    594.648000        50.175           5      0.098000    542.621630 
109.407000    578.214000       107.171           6      1.128000    526.092735 
137.227000    571.539000        91.993          10     -3.052000    519.038152 
140.472000    562.492000        92.900          10      0.193000    509.991152 
200.661000    571.962000        68.041          17      4.382000    520.490423 
193.002000    558.714000       101.513          17     -3.277000    507.242423 
152.409000    558.992000        88.910          11      4.130000    506.396257 
155.127000    552.912000        91.503          12     -1.152000    500.221361 
163.375000    518.358000       350.637          13     -0.904000    467.138376 
168.117000    510.550000       245.724          13      3.838000    459.330376 
174.604000    517.472000       215.060          14      2.325000    466.189388 
 66.374000    527.677000       335.890           1     -1.905000    476.030213 
185.661000    485.260000       431.055          16     -2.618000    433.851412 
165.459000    424.140000       458.227          13      1.180000    372.920376 
172.083000    421.571000       329.561          14     -0.196000    370.288388 
188.191000    405.447000       218.235          16     -0.088000    354.038412 
151.974000    389.453000       245.645          11      3.695000    336.857257 
153.251000    383.303000       181.055          12     -3.028000    330.612361 
160.210000    379.537000       160.243          12      3.931000    326.846361 
165.949000    379.384000       205.664          13      1.670000    328.164377 
167.062000    379.079000       200.099          13      2.783000    327.859376 
174.416000    358.977000        72.578          14      2.137000    307.694388 
170.721000    369.460000        71.451          14     -1.558000    318.177388 
103.054000    375.882000       185.861           5      2.775000    323.855630 
 87.034000    374.831000       186.216           3      2.755000    322.994422 
 79.086000    376.466000       103.961           2      2.807000    324.724317 
168.152000    330.134000        68.765          13      3.873000    278.914377 
175.231000    332.783000        55.253          14      2.952000    281.500388 
187.650000    323.224000        43.384          16     -0.629000    271.815412 
 93.852000    334.629000        61.501           4      1.573000    282.697526 
102.487000    344.307000       143.242           5      2.208000    292.280630 
124.014000    344.010000        59.317           8     -0.265000    291.698944 
133.092000    431.648000     26411.170           9      0.813000    379.242048 
173.322000    447.946000     10068.190          14      1.043000    396.663388 
157.717000    323.233000        34.780          12      1.438000    270.542361 
164.462000    313.500000        40.278          13      0.183000    262.280376 
149.345000    301.578000        46.250          11      1.066000    248.982257 
125.829000    309.290000        69.935           8      1.550000    256.978944 
 75.459000    262.105000        42.950           2     -0.820000    210.363317 
 84.547000    269.377000        37.200           3      0.268000    217.540422 
 90.648000    278.803000        31.734           4     -1.631000    226.871526 
106.876000    280.156000        36.513           6     -1.403000    228.034735 
 77.025000    229.709000        23.796           2      0.746000    177.967317 
 85.283000    218.582000        45.854           3      1.004000    166.745422 
 96.790000    208.139000        21.982           5     -3.489000    156.112630 
105.759000    228.353000        21.482           6     -2.520000    176.231735 
118.250000    225.591000        30.841           7      1.971000    173.374839 
126.737000    214.919000        36.620           8      2.458000    162.607944 
155.774000    262.304000        40.878          12     -0.505000    209.613361 
151.589000    276.104000        39.542          11      3.310000    223.508257 
161.988000    273.861000        27.453          13     -2.291000    222.641376 
172.481000    273.232000        36.137          14      0.202000    221.949388 
198.227000    264.589000        43.957          17      1.948000    213.117423 
173.068000    304.501000        74.718          14      0.789000    253.218388 
194.540000    317.909000       102.036          17     -1.739000    266.437423 
161.436000    202.947000        18.884          13     -2.843000    151.727376 
176.405000    230.569000        65.134          14      4.126000    179.286388 
193.470000    192.624000        54.918          17     -2.809000    141.152423 
114.530000    195.674000        49.224           7     -1.749000    143.457839 
 94.809000    185.258000        70.377           4      2.530000    133.326526 
 85.686000    177.659000        26.034           3      1.407000    125.822422 
 70.550000    186.475000        91.903           1      2.271000    134.828213 
190.442000    160.191000        18.790          16      2.163000    108.782412 
 81.933000    109.773000        14.634           3     -2.346000     57.936422 
100.511000     95.615000        23.871           5      0.232000     43.588630 
118.942000     89.810000        43.341           7      2.663000     37.593839 
128.479000     91.901000        24.427           8      4.200000     39.589944 
137.427000     84.463000        17.186          10     -2.852000     31.962152 
145.813000     87.483000        37.798          11     -2.466000     34.887257 
159.622000    133.596000        42.720          12      3.343000     80.905361 
186.474000    149.637000        41.325          16     -1.805000     98.228412 
123.221000    527.743000      8592.835           8     -1.058000    475.431944 
161.720000    344.349000       184.715          13     -2.559000    293.129376 
150.883000    413.037000      2054.942          11      2.604000    360.441257 
 70.774000    507.207000      4485.866           1      2.495000    455.560213 
