ID x y RA DEC sed e(4405-5495) wfpc2_f336w
931 511.5 362.454 0.0 0.0 kurucz_30000_ms_z0.fits 0.4 19.62
90 511.5 508.785 0.0 0.0 kurucz_30000_ms_z0.fits 0.4 14.3
21 511.5 519.213 0.0 0.0 kurucz_30000_ms_z0.fits 0.4 12.81
47 511.5 553.747 0.0 0.0 kurucz_30000_ms_z0.fits 0.4 13.64
412 511.5 560.419 0.0 0.0 kurucz_30000_ms_z0.fits 0.4 16.67
148 511.5 136.98 0.0 0.0 kurucz_30000_ms_z0.fits 0.4 20.831
187 511.5 58.241 0.0 0.0 kurucz_30000_ms_z0.fits 0.4 19.728
112 511.5 540.0 0.0 0.0 kurucz_30000_ms_z0.fits 0.4 14.63
70 511.5 531.331 0.0 0.0 kurucz_30000_ms_z0.fits 0.4 13.93
24 511.5 525.33 0.0 0.0 kurucz_30000_ms_z0.fits 0.4 12.84
78 511.5 503.0 0.0 0.0 kurucz_30000_ms_z0.fits 0.4 14.11
203 511.5 498.241 0.0 0.0 kurucz_30000_ms_z0.fits 0.4 15.51
145 511.5 473.758 0.0 0.0 kurucz_30000_ms_z0.fits 0.4 14.93
